Zeit	Gang	Gang	Gang	Gang	Gang	Gang	Gang	Gang	Gang	Repere	Repere	Repere	Repere	Repere	Repere	Repere	Repere	Amplitude	Amplitude	Amplitude	Amplitude	Amplitude	Amplitude	Amplitude	Amplitude	Amplitude	E	
Zeit	CH	CB	9H	6H	3H	12H	X	D	DVH	CH	CB	9H	6H	3H	12H	X	D	CH	CB	9H	6H	3H	12H	X	D	DVH		
000:00:02	-1.3									0.0								303										
000:00:04	-2.2									0.1								302										
000:00:06	-10.2									0.1								304										
000:00:08	1.8									0.0								305										
000:00:10	3.5									0.1								305										
000:00:12	-5.6									0.1								305										
000:00:14	1.1									0.0								308										
000:00:16	0.7									0.1								308										
000:00:18	-2.3									0.0								307										
000:00:20	1.8									0.0								308										
000:00:22	0.5									0.1								307										
000:00:24	-1.1									0.0								306										
000:00:26	3.8									0.0								305										
000:00:28	-7.1									0.2								305										
000:00:30	-3.6									0.0								305										
000:00:32	4.4									0.1								303										
000:00:34	-7.6									0.2								301										
000:00:36	-4.5									0.0								302										
000:00:38	1.6									0.1								301										
000:00:40	-7.2									0.1								300										
000:00:42	-4.1									0.0								301										
000:00:44	-3.6									0.2								303										
000:00:46	-8.6									0.1								304										
000:00:48	3.0									0.0								303										
000:00:50	2.4									0.1								304										
000:00:52	-3.8									0.0								305										
000:00:54	2.6									0.0								306										
000:00:56	3.2									0.1								302										
000:00:58	-7.0									0.0								303										
000:01:00	3.6									0.0								304										
000:01:02	1.8									0.2								302										
000:01:04	-2.2									0.0								302										
000:01:06	1.8									0.0								304										
000:01:08	-3.7									0.2								305										
000:01:10	-6.9									0.0								306										
000:01:12	3.2									0.1								306										
000:01:14	-10.1									0.2								307										
000:01:16	-2.4									0.0								309										
000:01:18	3.7									0.1								307										
000:01:20	-10.0									0.1								307										
000:01:22	-0.6									0.0								309										
000:01:24	-1.1									0.1								308										
000:01:26	-8.0									0.1								307										
000:01:28	0.2									0.0								308										
000:01:30	2.0									0.1								309										
000:01:32	-5.3									0.0								308										
000:01:34	1.7									0.0								306										
000:01:36	1.6									0.1								305										
000:01:38	-6.2									0.0								306										
000:01:40	3.8									0.0								305										
000:01:42	-2.1									0.2								305										
000:01:44	-2.2									0.0								307										
000:01:46	1.3									0.0								309										
000:01:48	-4.6									0.1								306										
000:01:50	-2.1									0.0								307										
000:01:52	3.4									0.1								309										
000:01:54	-7.7									0.2								308										
000:01:56	-0.1									0.0								306										
000:01:58	0.0									0.1								305										
000:02:00	-8.5									0.1								305										
000:02:02	2.2									0.1								305										
000:02:04	-0.3									0.1								304										
000:02:06	-9.4									0.1								305										
000:02:08	2.2									0.0								306										
000:02:10	3.5									0.1								305										
000:02:12	-7.5									0.0								304										
000:02:14	2.8									0.0								305										
000:02:16	0.4									0.1								305										
000:02:18	-2.3									0.0								304										
000:02:20	2.4									0.0								304										
000:02:22	1.8									0.1								304										
000:02:24	-1.2									0.1								303										
000:02:26	3.7									0.0								302										
000:02:28	-7.1									0.1								303										
000:02:30	-4.3									0.0								304										
000:02:32	4.2									0.1								303										
000:02:34	-6.7									0.1								300										
000:02:36	-4.2									0.0								301										
000:02:38	0.9									0.1								300										
000:02:40	-5.5									0.1								298										
000:02:42	-1.0									0.0								299										
000:02:44	-2.4									0.1								301										
000:02:46	-8.3									0.1								301										
000:02:48	4.9									0.0								299										
000:02:50	0.5									0.1								300										
000:02:52	-3.9									0.0								301										
000:02:54	2.8									0.0								302										
000:02:56	2.7									0.1								300										
000:02:58	-3.8									0.0								301										
000:03:00	3.3									0.0								302										
000:03:02	1.5									0.1								301										
000:03:04	-2.0									0.0								301										
000:03:06	3.0									0.0								303										
000:03:08	-3.7									0.2								303										
000:03:10	-6.1									0.0								304										
000:03:12	0.5									0.1								303										
000:03:14	-10.1									0.2								304										
000:03:16	-1.6									0.0								306										
000:03:18	3.2									0.1								305										
000:03:20	-9.1									0.1								304										
000:03:22	-2.7									0.0								305										
000:03:24	-1.5									0.1								305										
000:03:26	-7.5									0.1								303										
000:03:28	1.6									0.0								304										
000:03:30	2.2									0.1								304										
000:03:32	-4.9									0.0								302										
000:03:34	2.4									0.0								301										
000:03:36	1.5									0.1								300										
000:03:38	-4.3									0.0								301										
000:03:40	4.8									0.0								301										
000:03:42	-2.3									0.1								302										
000:03:44	-2.3									0.0								304										
000:03:46	2.7									0.0								304										
000:03:48	-2.0									0.2								303										
000:03:50	-1.0									0.0								304										
000:03:52	3.4									0.1								306										
000:03:54	-7.7									0.2								305										
000:03:56	-3.8									0.0								303										
000:03:58	0.5									0.1								304										
000:04:00	-8.5									0.1								303										
000:04:02	0.6									0.1								304										
000:04:04	-1.5									0.1								303										
000:04:06	-10.1									0.1								305										
000:04:08	2.0									0.0								307										
000:04:10	2.6									0.1								306										
000:04:12	-5.6									0.0								306										
000:04:14	2.4									0.0								308										
000:04:16	0.4									0.1								307										
000:04:18	-2.5									0.0								306										
000:04:20	1.7									0.0								307										
000:04:22	1.2									0.1								306										
000:04:24	-0.8									0.1								307										
000:04:26	2.7									0.0								305										
000:04:28	-7.1									0.1								306										
000:04:30	-4.6									0.0								305										
000:04:32	4.4									0.1								303										
000:04:34	-6.8									0.1								301										
000:04:36	-5.0									0.0								302										
000:04:38	0.2									0.1								302										
000:04:40	-6.7									0.1								301										
000:04:42	-3.8									0.0								302										
000:04:44	-3.3									0.1								304										
000:04:46	-8.7									0.1								304										
000:04:48	3.7									0.0								303										
000:04:50	2.2									0.1								304										
000:04:52	-4.7									0.0								305										
000:04:54	4.3									0.0								305										
000:04:56	2.0									0.1								302										
000:04:58	-7.0									0.0								303										
000:05:00	3.2									0.0								304										
000:05:02	1.4									0.2								303										
000:05:04	-3.4									0.0								303										
000:05:06	2.9									0.0								305										
000:05:08	-7.8									0.2								305										
000:05:10	-6.2									0.0								306										
000:05:12	2.3									0.1								306										
000:05:14	-9.4									0.2								307										
000:05:16	-5.2									0.0								309										
000:05:18	3.6									0.1								308										
000:05:20	-9.4									0.1								307										
000:05:22	-0.2									0.0								308										
000:05:24	1.2									0.1								308										
000:05:26	-7.8									0.1								306										
000:05:28	1.1									0.0								307										
000:05:30	3.2									0.1								307										
000:05:32	-4.3									0.0								305										
000:05:34	1.7									0.0								303										
000:05:36	1.4									0.1								303										
000:05:38	-4.8									0.1								304										
000:05:40	5.7									0.0								303										
000:05:42	-3.4									0.2								303										
000:05:44	-2.3									0.0								305										
000:05:46	2.4									0.0								305										
000:05:48	-1.4									0.2								304										
000:05:50	-1.3									0.0								305										
000:05:52	2.8									0.1								307										
000:05:54	-7.9									0.2								307										
000:05:56	-4.5									0.1								305										
000:05:58	-0.2									0.1								306										
000:06:00	-8.9									0.1								306										
000:06:02	2.0									0.0								306										
000:06:04	2.3									0.1								305										
000:06:06	-10.2									0.1								307										
000:06:08	1.6									0.0								308										
000:06:10	2.9									0.1								308										
000:06:12	-5.7									0.0								307										
000:06:14	1.0									0.0								310										
000:06:16	0.8									0.1								309										
000:06:18	-4.7									0.0								308										
000:06:20	1.0									0.0								309										
000:06:22	0.7									0.1								308										
000:06:24	-0.7									0.0								309										
000:06:26	2.2									0.0								307										
000:06:28	-6.9									0.1								307										
000:06:30	-6.1									0.0								307										
000:06:32	4.5									0.1								306										
000:06:34	-7.8									0.1								304										
000:06:36	-5.2									0.0								304										
000:06:38	-1.0									0.1								305										
000:06:40	-6.5									0.2								303										
000:06:42	-0.3									0.0								304										
000:06:44	-0.8									0.1								305										
000:06:46	-8.6									0.1								305										
000:06:48	4.2									0.0								304										
000:06:50	0.5									0.1								305										
000:06:52	-5.1									0.0								306										
000:06:54	3.1									0.0								307										
000:06:56	2.9									0.1								303										
000:06:58	-4.6									0.0								304										
000:07:00	3.3									0.0								305										
000:07:02	1.1									0.2								304										
000:07:04	-1.9									0.0								304										
000:07:06	2.3									0.0								306										
000:07:08	-7.2									0.2								306										
000:07:10	-5.4									0.0								306										
000:07:12	0.6									0.1								306										
000:07:14	-9.6									0.2								306										
000:07:16	-1.1									0.0								307										
000:07:18	3.5									0.1								305										
000:07:20	-8.7									0.1								305										
000:07:22	-3.8									0.0								306										
000:07:24	-1.5									0.1								306										
000:07:26	-7.4									0.1								303										
000:07:28	1.9									0.0								304										
000:07:30	3.5									0.1								304										
000:07:32	-3.6									0.1								301										
000:07:34	3.1									0.0								299										
000:07:36	2.5									0.1								299										
000:07:38	-4.0									0.0								299										
000:07:40	5.7									0.0								300										
000:07:42	-1.6									0.1								299										
000:07:44	-2.0									0.0								301										
000:07:46	2.1									0.0								303										
000:07:48	-1.2									0.2								302										
000:07:50	-0.1									0.0								303										
000:07:52	3.3									0.1								303										
000:07:54	-7.7									0.2								303										
000:07:56	0.6									0.0								301										
000:07:58	1.3									0.1								302										
000:08:00	-8.8									0.1								303										
000:08:02	-2.0									0.0								303										
000:08:04	-2.3									0.1								303										
000:08:06	-10.4									0.1								305										
000:08:08	1.3									0.0								307										
000:08:10	2.7									0.1								307										
000:08:12	-5.3									0.1								306										
000:08:14	1.4									0.0								308										
000:08:16	0.5									0.1								308										
000:08:18	-3.2									0.0								307										
000:08:20	1.9									0.0								308										
000:08:22	0.4									0.2								307										
000:08:24	-2.0									0.0								308										
000:08:26	3.7									0.0								306										
000:08:28	-7.1									0.1								306										
000:08:30	-5.7									0.0								306										
000:08:32	4.8									0.1								304										
000:08:34	-6.3									0.2								301										
000:08:36	-6.5									0.0								302										
000:08:38	1.1									0.1								302										
000:08:40	-6.6									0.1								300										
000:08:42	-4.1									0.0								301										
000:08:44	-0.1									0.2								303										
000:08:46	-7.9									0.1								303										
000:08:48	3.5									0.0								302										
000:08:50	1.1									0.1								303										
000:08:52	-3.9									0.0								305										
000:08:54	2.5									0.0								305										
000:08:56	2.9									0.1								302										
000:08:58	-4.4									0.0								303										
000:09:00	3.2									0.0								304										
000:09:02	2.6									0.1								303										
000:09:04	-2.4									0.0								302										
000:09:06	2.4									0.0								304										
000:09:08	-7.1									0.2								305										
000:09:10	-5.6									0.0								306										
000:09:12	1.7									0.1								305										
000:09:14	-9.5									0.2								307										
000:09:16	-3.0									0.0								309										
000:09:18	4.6									0.1								307										
000:09:20	-10.0									0.1								306										
000:09:22	-0.9									0.0								308										
000:09:24	-1.7									0.1								309										
000:09:26	-7.7									0.1								306										
000:09:28	1.5									0.0								307										
000:09:30	3.9									0.1								305										
000:09:32	-4.4									0.0								302										
000:09:34	2.4									0.0								302										
000:09:36	0.1									0.1								302										
000:09:38	-6.6									0.0								303										
000:09:40	3.9									0.0								303										
000:09:42	-2.1									0.2								303										
000:09:44	-2.4									0.0								306										
000:09:46	2.8									0.0								306										
000:09:48	-4.8									0.2								304										
000:09:50	-4.2									0.0								305										
000:09:52	2.9									0.1								306										
000:09:54	-7.9									0.2								306										
000:09:56	0.0									0.0								304										
000:09:58	2.1									0.1								305										
000:10:00	-8.2									0.1								304										